435.0
410.0

9
0
Mon Nov 30 20:15:40 COT 2020
Mon Nov 30 20:15:48 COT 2020
0
50
2
0 0 0 0 0 0 0
600.0
635.0

9
0
Mon Nov 30 20:15:46 COT 2020
Mon Nov 30 20:15:48 COT 2020
0
0
1
0 0 0 0 0 0 0
1
1
-12.0 204.0 606.0 419.0 358.0 128.0 981.0 258.0 508.0 688.0 1026.0 380.0 598.0 225.0 830.0 63.0 148.0 329.0 703.0 788.0 432.0 -14.0 101.0 196.0 321.0 546.0 691.0 836.0 1.0
-110.0 110.0 330.0 550.0 770.0 296.0 696.0 -108.0 -11.59999999999992 257.5000000000006 528.9000000000016 797.9999999999962 1.0 4.0 2.3
640.5 940.5 187.5 790.5 37.5 337.5 487.5 76.5 757.5 937.5 256.5 436.5 1.5
157.0 454.0 776.0 496.0
1 851.0 454.0
