300.0 635.0
 10 0.0 Mon Nov 30 12:50:29 COT 2020 Mon Nov 30 12:50:29 COT 2020 Mon Nov 30 12:50:26 COT 2020 Mon Nov 30 12:50:26 COT 2020
2
1
false
1
32.0 248.0 650.0 463.0 402.0 38.0 891.0 168.0 418.0 598.0 846.0 200.0 418.0 45.0 650.0 107.0 192.0 373.0 747.0 832.0 476.0 32.0 147.0 242.0 367.0 592.0 737.0 882.0 1.0
32.0 252.0 472.0 692.0 912.0 128.0 528.0 928.0 73.59999999999995 343.60000000000036 613.5999999999985 883.5999999999985 1.0 4.0 2.3
-48.0 252.0 552.0 102.0 402.0 702.0 852.0 472.0 132.0 312.0 652.0 832.0 1.5
243.0 771.0
