345.0
635.0

10
0
Mon Nov 30 22:50:15 COT 2020
Mon Nov 30 22:50:19 COT 2020
0
0
2
0 0 0 0 0 0 0
600.0
635.0

10
0
Mon Nov 30 22:50:15 COT 2020
Mon Nov 30 22:50:19 COT 2020
0
0
1
0 0 0 0 0 0 0
01
1
381.0 597.0 10.0 812.0 751.0 724.0 542.0 854.0 69.0 249.0 497.0 976.0 69.0 821.0 301.0 456.0 541.0 722.0 107.0 192.0 825.0 381.0 496.0 591.0 716.0 941.0 95.0 240.0 1.0
381.0 601.0 821.0 -46.0 174.0 320.0 720.0 -84.0 876.2999999999946 16.00000000000008 287.4000000000008 556.500000000001 1.0 4.0 2.3
481.5 781.5 28.5 631.5 931.5 178.5 328.5 -51.5 630.0 810.0 128.5 308.5 1.5
264.0 555.0 435.0 450.0

